0000: 80 6f 3c 6a 00 db 8c 6a 00 00 00 00 2c 00 00 00
0010: ff ff ff ff 2c 00 00 00 66 11 00 00 f2 84 a8 09
0020: b6 34 d1 98 5b 65 29 3e 54 a1 e5 15 00 08 f7 8c
0030: 3e 0e 75 cf 3a 25 18 72 3b d0 03 0e 09 6f c2 54
0040: 03 49 91 57 0e f5 34 00 4e 7c 10 70 8d 8e 87 44
0050: 17 3b b8 ec 6b 00 04 ab b8 10 61 38 91 e7 e1 d6
0060: 87 d2 57 00 26 04 84 c2 0b 56 0e 29 1a 0e fc 78
0070: 00 4f 30 cf 83 3f 7c d8 9f 06 1f 9c ee b6 49 70
0080: 6b 2f 3b b2 1b c3 fb 07 c7 ad e0 c2 40 6d 0a b0
0090: cc 0f 31 f2 00 4d 85 23 b0 72 d7 0a ce 3b 03 fe
00a0: d9 c6 14 c6 c1 b3 4a 6d 1d 6f 0f f3 b9 1c 23 9b
00b0: 06 a2 e8 b7 88 c8 3f f5 bd 35 48 1e 0b 51 f4 10
00c0: 24 18 7d 9f 18 d3 8d 78 37 d8 e1 ba 9f c1 92 cc
00d0: 00 97 0e 17 e0 f4 c4 35 99 fa 87 ec ca 8e 4a 49
00e0: 83 28 87 44 d1 74 1f d0 5e 5e 10 6f c2 5d 8b e5
00f0: 04 94 0e 9e 96 00 6d 28 28 dc 38 01 03 d1 97 d3
0100: 45 bf 1d 08 01 35 2b 5e 1b fb 17 e8 cd 2a 74 9a
0110: c9 00 11 d0 86 76 13 01 c6 4c 23 18 76 b4 60 02
0120: 78 c6 5c 18 c8 f6 eb 8a 30 e3 a3 a0 05 ad 61 43
0130: 82 f6 d2 cc fb fe 1c 84 08 00 ce 71 4f 83 09 3a
0140: 40 6a 16 1c 6c 34 00 b3 d0 2c 17 5b 44 e4 b2 20
0150: ff 69 91 f0 82 80 c1 c4 0f 8e 1f f1 0e 52 04 00
0160: 5a 0c 4c c2 1d 68 2c 51 31 0e 50 6c 00 4a 2a 8b
0170: 83 fe ab 7a 1d df 6c 3e dc f0 03 40 5e bc f8 76
0180: 82 cb a3 69 0e 21 ff 94 40 02 d7 cd 1e 11 95 8e
0190: 08 dc d0 76 17 20 02 7d f3 01 86 a8 ab 81 7e 3e
01a0: 1f 08 34 00 b0 4c 3c 26 8b ca bc 0c c0 e4 c8 00
01b0: 04 f7 10 38 2d e8 9d f0 82 c1 f4 f1 e9 e6 01 f0
01c0: 62 d9 9b ab b3 c3 e3 66 4c 31 93 05 bc d4 bc 14
01d0: 58 3d 98 34 c9 48 70 4f 17 50 0d fa 43 d7 17 c7
01e0: 88 63 c1 1a e2 ee a1 a6 0f 3c 45 1c e1 87 02 e2
01f0: 26 80 81 99 fb b4 0d 67 8c 38 21 b0 21 fc ca 21
0200: e7 e2 66 28 4d 81 ef c7 dc 86 3e dd e3 86 65 1c
0210: 18 1e 22 9c 14 34 05 e3 3c a6 69 45 82 0d 2c 00
0220: aa 21 1e 42 da 3d e2 0e 04 46 86 7f d3 10 76 51
0230: 2a 79 c0 7c 0c 2e 24 f2 3c bb ed c7 b1 f0 00 4e
0240: 0b 0e 82 76 b3 10 7e 00 a8 86 1d b6 b8 00 b0 44
0250: cc 21 0c 52 29 b8 30 e5 1f e0 06 d0 84 84 c2 9d
0260: 36 ce f3 17 0e f7 52 00 58 84 4e 14 23 4f 0b 0a
0270: 30 76 f4 b0 02 0e 2a 30 b5 90 88 99 70 c3 cc 08
0280: 00 16 b4 84 36 14 14 c3 e8 97 7a 03 dd d1 78 00
0290: 9f 06 58 3c 27 6b a0 bf a0 70 ec 71 e0 06 d7 ef
02a0: 26 0e d6 df 7c 57 08 73 ab 00 02 7c 50 61 70 9e
02b0: 4d 02 dc 54 43 ac 5c 00 16 b3 86 0e 16 05 03 e8
02c0: a4 2b 2d 5e 50 14 00 97 65 0e 9c 35 7d f9 d1 81
02d0: 7d 59 37 a4 80 20 58 91 61 0c 4c 50 09 e6 07 60
02e0: 1a 00 36 20 d7 84 22 82 dc a2 4a 1b 88 80 09 a3
02f0: 19 b0 57 57 23 cd 77 c3 e9 06 40 b1 06 c1 e5 37
0300: e1 50 6c 02 38 00 4f 85 14 26 12 bd f7 6c ea b8
0310: 73 67 10 02 74 70 e3 70 ed 06 df 46 bc b7 2c f9
0320: ac e0 06 6c 48 e0 f0 f4 13 37 47 08 31 af fc 79
0330: 20 04 d8 51 c0 e2 56 95 17 14 6e 87 be 77 00 46
0340: 09 c5 c3 9a 7f dd 1a dc 5a 73 9f f2 00 23 06 27
0350: e1 75 5f ee 8b 15 bc 57 ea e4 00 08 75 71 e4 c2
0360: b1 5d bd 14 1c 6e 9b e8 fa 80 19 26 34 0e 14 a4
0370: e1 72 1d a0 7c 39 70 02 6c 21 60 70 83 de 2b 2c
0380: ba 83 a6 4a 80 16 c6 36 0b b0 65 7b 69 68 07 b0
0390: 02 71 de 8c 1f 3a b8 83 9b f0 e7 2b e0 04 e8 62
03a0: c0 61 bc 9e 5e 8c f2 66 3d 95 d4 01 4e 1a c9 85
03b0: 86 d2 fa 29 8c 39 5f 6b d4 00 27 bc 6f c3 49 2e
03c0: fd 18 d9 11 77 df f4 80 13 60 84 ec 26 0e 2a df
03d0: aa 30 f0 52 c0 04 cb a8 07 61 87 de 9e 8b 8a bf
03e0: dd e3 1c c0 0e 83 9c d2 e1 35 20 26 26 af 07 c2
03f0: 63 00 2c b3 41 61 09 6a 2e 87 d9 77 71 dc af 00
0400: 0b 59 44 8b 0c 7c 4e 74 5a 44 7d 8f b2 e6 00 4c
0410: 8d 34 66 28 00 00 00 00 e4 5b 29 00 09 00 00 00
0420: 01 00 00 00 00 01 02 64 00 00 00 00 00 00 00 00
0430: 00 00 00 00 00 00 00 00 00 00 00 00 00 00 00 00
0440: 00 00 00 00 00 00 00 00 00 00 00 00 00 00 00 00
0450: 00 00 00 00 00 00 00 00 00 00 00 00 00 00 00 00
0460: 00 00 00 00 00 00 00 00 00 00 00 00 00 00 00 00
0470: 00 00 00 00 00 00 00 00 00 00 00 00 00 00 00 00
0480: 00 00 00 00 00 00 00 00 00 00 00 00 00 00 00 00
0490: 00 00 00 00 00 00 00 00 00 00 00 00 00 00 00 00
04a0: 00 00 00 00 05 00 00 00 00 db 8c 6a 6c 03 00 00
04b0: 75 03 00 00 6c 03 00 00 74 03 00 00 82 1e 0c 00
04c0: 71 63 9c 42 0a e0 00 00 00 00 00 00 00 00 00 00
04d0: 00 00 00 00 00 00 00 00 00 00 00 00 00 00 00 00
04e0: 00 00 00 00 00 00 00 00 00 00 00 00 00 00 00 00
04f0: 00 00 00 00 00 00 00 00 00 00 00 00 00 00 00 00
0500: 00 00 00 00 00 00 00 00 00 00 00 00 00 00 00 00
0510: 00 00 00 00 00 00 00 00 00 00 00 00 00 00 00 00
0520: 00 00 00 00 00 00 00 00 00 00 00 00 00 00 00 00
0530: 00 00 00 00 00 00 00 00 00 00 00 00 00 00 00 00
0540: 00 00 00 00 00 00 00 00 00 00 00 00 00 00 00 00
0550: 00 00 00 00 00 00 00 00 00 00 00 00 00 00 00 00
0560: 00 00 00 00 00 00 00 00 00 00 00 00 00 00 00 00
0570: 00 00 00 00 00 00 00 00 00 00 00 00 00 00 00 00
0580: 00 00 00 00 00 00 00 00 00 00 00 00 00 00 00 00
0590: 00 00 00 00 00 00 00 00 00 00 00 00 00 00 00 00
05a0: 00 00 00 00 00 00 00 00 00 00 00 00 00 00 00 00
05b0: 00 00 00 00 00 00 00 00 00 00 00 00 00 00 00 00
05c0: 00 00 00 00 00 00 00 00 00 00 00 00 00 00 00 00
05d0: 00 00 00 00 00 00 00 00 00 00 00 00 00 00 00 00
05e0: 00 00 00 00 00 00 00 00 00 00 00 00 00 00 00 00
05f0: 00 00 00 00 00 00 00 00 00 00 00 00 00 00 00 00
0600: 00 00 00 00 00 00 00 00 00 00 00 00 00 00 00 00
0610: 00 00 00 00 00 00 00 00 00 00 00 00 00 00 00 00
0620: 00 00 00 00 00 00 00 00 00 00 00 00 00 00 00 00
0630: 00 00 00 00 00 00 00 00 00 00 00 00 00 00 00 00
0640: 00 00 00 00 00 00 00 00 00 00 00 00 00 00 00 00
0650: 00 00 00 00 00 00 00 00 00 00 00 00 00 00 00 00
0660: 00 00 00 00 00 00 00 00 00 00 00 00 00 00 00 00
0670: 00 00 00 00 00 00 00 00 00 00 00 00 00 00 00 00
0680: 00 00 00 00 00 00 00 00 00 00 00 00 00 00 00 00
0690: 00 00 00 00 00 00 00 00 00 00 00 00 00 00 00 00
06a0: 00 00 00 00 00 00 00 00 20 00 00 00 75 00 00 00
06b0: 09 00 00 00 00 00 00 00 00 00 00 00 00 00 00 00
06c0: 00 7e 77 55 00 1e 3b 6a 00 00 00 00 79 0a 00 00
06d0: 00 7e 77 55 80 b5 cc 57 00 00 00 00 32 01 00 00
06e0: 23 4e 00 00 00 07 ce 57 00 1e 69 5a 32 01 00 00
06f0: 53 01 00 00 24 4e 00 00 80 6f 6a 5a 00 07 14 5d
0700: 85 02 00 00 56 01 00 00 25 4e 00 00 80 58 15 5d
0710: 00 f0 be 5f db 03 00 00 59 01 00 00 26 4e 00 00
0720: 80 41 c0 5f 80 28 31 62 34 05 00 00 3b 01 00 00
0730: 27 4e 00 00 00 7a 32 62 00 90 b0 64 6f 06 00 00
0740: 43 01 00 00 28 4e 00 00 80 84 b4 64 00 77 21 67
0750: b2 07 00 00 38 01 00 00 29 4e 00 00 80 c8 22 67
0760: 00 76 a7 69 ea 08 00 00 44 01 00 00 2a 4e 00 00
0770: 80 c7 a8 69 00 1e 3b 6a 2e 0a 00 00 4b 00 00 00
0780: 2b 4e 00 00 00 00 00 00 00 00 00 00 00 00 00 00
0790: 00 00 00 00 00 00 00 00 00 00 00 00 00 00 00 00
07a0: 00 00 00 00 00 00 00 00 00 00 00 00 00 00 00 00
07b0: 00 00 00 00 00 00 00 00 00 00 00 00 00 00 00 00
07c0: 00 00 00 00 00 00 00 00 00 00 00 00 00 00 00 00
07d0: 00 00 00 00 00 00 00 00 00 00 00 00 00 00 00 00
07e0: 00 00 00 00 00 00 00 00 00 00 00 00 00 00 00 00
07f0: 00 00 00 00 00 00 00 00 00 00 00 00 00 00 00 00
0800: 00 00 00 00 00 00 00 00 00 00 00 00 00 00 00 00
0810: 00 00 00 00 00 00 00 00 00 00 00 00 00 00 00 00
0820: 00 00 00 00 00 00 00 00 00 00 00 00 00 00 00 00
0830: 00 00 00 00 00 00 00 00 00 00 00 00 00 00 00 00
0840: 00 00 00 00 00 00 00 00 00 00 00 00 00 00 00 00
0850: 00 00 00 00 00 00 00 00 00 00 00 00 00 00 00 00
0860: 00 00 00 00 00 00 00 00 00 00 00 00 00 00 00 00
0870: 00 00 00 00 00 00 00 00 00 00 00 00 00 00 00 00
0880: 00 00 00 00 00 00 00 00 00 00 00 00 00 00 00 00
0890: 00 00 00 00 00 00 00 00 00 00 00 00 00 00 00 00
08a0: 00 00 00 00 00 00 00 00 00 00 00 00 00 00 00 00
08b0: 00 00 00 00 00 00 00 00 00 00 00 00 00 00 00 00
08c0: 00 00 00 00 00 00 00 00 00 00 00 00 00 00 00 00
08d0: 00 00 00 00 00 00 00 00 00 00 00 00 00 00 00 00
08e0: 00 00 00 00 00 00 00 00 00 00 00 00 00 00 00 00
08f0: 00 00 00 00 00 00 00 00 00 00 00 00 00 00 00 00
0900: 00 00 00 00 00 00 00 00 00 00 00 00 00 00 00 00
0910: 00 00 00 00 00 00 00 00 00 00 00 00 00 00 00 00
0920: 00 00 00 00 00 00 00 00 00 00 00 00 00 00 00 00
0930: 00 00 00 00 00 00 00 00 00 00 00 00 00 00 00 00
0940: 00 00 00 00 00 00 00 00 00 00 00 00 00 00 00 00
0950: 00 00 00 00 00 00 00 00 00 00 00 00 00 00 00 00
0960: 00 00 00 00 00 00 00 00 00 00 00 00 00 00 00 00
0970: 00 00 00 00 00 00 00 00 00 00 00 00 00 00 00 00
0980: 00 00 00 00 00 00 00 00 00 00 00 00 00 00 00 00
0990: 00 00 00 00 00 00 00 00 00 00 00 00 00 00 00 00
09a0: 00 00 00 00 00 00 00 00 00 00 00 00 00 00 00 00
09b0: 00 00 00 00 00 00 00 00 00 00 00 00 00 00 00 00
09c0: 00 00 00 00 00 00 00 00 00 00 00 00 00 00 00 00
09d0: 00 00 00 00 00 00 00 00 00 00 00 00 00 00 00 00
09e0: 00 00 00 00 00 00 00 00 00 00 00 00 00 00 00 00
09f0: 00 00 00 00 00 00 00 00 00 00 00 00 00 00 00 00
0a00: 00 00 00 00 00 00 00 00 00 00 00 00 00 00 00 00
0a10: 00 00 00 00 00 00 00 00 00 00 00 00 00 00 00 00
0a20: 00 00 00 00 00 00 00 00 00 00 00 00 00 00 00 00
0a30: 00 00 00 00 00 00 00 00 00 00 00 00 00 00 00 00
0a40: 00 00 00 00 00 00 00 00 00 00 00 00 00 00 00 00
0a50: 00 00 00 00 00 00 00 00 00 00 00 00 00 00 00 00
0a60: 00 00 00 00 00 00 00 00 00 00 00 00 00 00 00 00
0a70: 00 00 00 00 00 00 00 00 00 00 00 00 00 00 00 00
0a80: 00 00 00 00 00 00 00 00 00 00 00 00 00 00 00 00
0a90: 00 00 00 00 00 00 00 00 00 00 00 00 00 00 00 00
0aa0: 00 00 00 00 00 00 00 00 00 00 00 00 00 00 00 00
0ab0: 00 00 00 00 00 00 00 00 00 00 00 00 00 00 00 00
0ac0: 00 00 00 00 00 00 00 00 00 00 00 00 00 00 00 00
0ad0: 00 00 00 00 00 00 00 00 00 00 00 00 00 00 00 00
0ae0: 00 00 00 00 00 00 00 00 00 00 00 00 00 00 00 00
0af0: 00 00 00 00 00 00 00 00 00 00 00 00 00 00 00 00
0b00: 00 00 00 00 00 00 00 00 00 00 00 00 00 00 00 00
0b10: 00 00 00 00 00 00 00 00 00 00 00 00 00 00 00 00
0b20: 00 00 00 00 00 00 00 00 00 00 00 00 00 00 00 00
0b30: 00 00 00 00 00 00 00 00 00 00 00 00 00 00 00 00
0b40: 00 00 00 00 00 00 00 00 00 00 00 00 00 00 00 00
0b50: 00 00 00 00 00 00 00 00 00 00 00 00 00 00 00 00
0b60: 00 00 00 00 00 00 00 00 00 00 00 00 00 00 00 00
0b70: 00 00 00 00 00 00 00 00 00 00 00 00 00 00 00 00
0b80: 00 00 00 00 00 00 00 00 00 00 00 00 00 00 00 00
0b90: 00 00 00 00 00 00 00 00 00 00 00 00 00 00 00 00
0ba0: 00 00 00 00 00 00 00 00 00 00 00 00 00 00 00 00
0bb0: 00 00 00 00 00 00 00 00 00 00 00 00 00 00 00 00
0bc0: 00 00 00 00 00 00 00 00 00 00 00 00 00 00 00 00
0bd0: 00 00 00 00 00 00 00 00 00 00 00 00 00 00 00 00
0be0: 00 00 00 00 00 00 00 00 00 00 00 00 00 00 00 00
0bf0: 00 00 00 00 00 00 00 00 00 00 00 00 00 00 00 00
0c00: 00 00 00 00 00 00 00 00 00 00 00 00 00 00 00 00
0c10: 00 00 00 00 00 00 00 00 00 00 00 00 00 00 00 00
0c20: 00 00 00 00 00 00 00 00 00 00 00 00 00 00 00 00
0c30: 00 00 00 00 00 00 00 00 00 00 00 00 00 00 00 00
0c40: 00 00 00 00 00 00 00 00 00 00 00 00 00 00 00 00
0c50: 00 00 00 00 00 00 00 00 00 00 00 00 00 00 00 00
0c60: 00 00 00 00 00 00 00 00 00 00 00 00 00 00 00 00
0c70: 00 00 00 00 00 00 00 00 00 00 00 00 00 00 00 00
0c80: 00 00 00 00 00 00 00 00 00 00 00 00 00 00 00 00
0c90: 00 00 00 00 00 00 00 00 00 00 00 00 00 00 00 00
0ca0: 00 00 00 00 00 00 00 00 00 00 00 00 00 00 00 00
0cb0: 00 00 00 00 00 00 00 00 00 00 00 00 00 00 00 00
0cc0: 00 00 00 00 00 00 00 00 00 00 00 00 00 00 00 00
0cd0: 00 00 00 00 00 00 00 00 00 00 00 00 00 00 00 00
0ce0: 00 00 00 00 00 00 00 00 00 00 00 00 00 00 00 00
0cf0: 00 00 00 00 00 00 00 00 00 00 00 00 00 00 00 00
0d00: 00 00 00 00 00 00 00 00 00 00 00 00 00 00 00 00
0d10: 00 00 00 00 00 00 00 00 00 00 00 00 00 00 00 00
0d20: 00 00 00 00 00 00 00 00 00 00 00 00 00 00 00 00
0d30: 00 00 00 00 00 00 00 00 00 00 00 00 00 00 00 00
0d40: 00 00 00 00 00 00 00 00 00 00 00 00 00 00 00 00
0d50: 00 00 00 00 00 00 00 00 00 00 00 00 00 00 00 00
0d60: 00 00 00 00 00 00 00 00 00 00 00 00 00 00 00 00
0d70: 00 00 00 00 00 00 00 00 00 00 00 00 00 00 00 00
0d80: 00 00 00 00 00 00 00 00 00 00 00 00 00 00 00 00
0d90: 00 00 00 00 00 00 00 00 00 00 00 00 00 00 00 00
0da0: 00 00 00 00 00 00 00 00 00 00 00 00 00 00 00 00
0db0: 00 00 00 00 00 00 00 00 00 00 00 00 00 00 00 00
0dc0: 00 00 00 00 00 00 00 00 00 00 00 00 00 00 00 00
0dd0: 00 00 00 00 00 00 00 00 00 00 00 00 00 00 00 00
0de0: 00 00 00 00 00 00 00 00 00 00 00 00 00 00 00 00
0df0: 00 00 00 00 00 00 00 00 00 00 00 00 00 00 00 00
0e00: 00 00 00 00 00 00 00 00 00 00 00 00 00 00 00 00
0e10: 00 00 00 00 00 00 00 00 00 00 00 00 00 00 00 00
0e20: 00 00 00 00 00 00 00 00 00 00 00 00 00 00 00 00
0e30: 00 00 00 00 00 00 00 00 00 00 00 00 00 00 00 00
0e40: 00 00 00 00 00 00 00 00 00 00 00 00 00 00 00 00
0e50: 00 00 00 00 00 00 00 00 00 00 00 00 00 00 00 00
0e60: 00 00 00 00 00 00 00 00 00 00 00 00 00 00 00 00
0e70: 00 00 00 00 00 00 00 00 00 00 00 00 00 00 00 00
0e80: 00 00 00 00 00 00 00 00 00 00 00 00 00 00 00 00
0e90: 00 00 00 00 00 00 00 00 00 00 00 00 00 00 00 00
0ea0: 00 00 00 00 00 00 00 00 00 00 00 00 00 00 00 00
0eb0: 00 00 00 00 00 00 00 00 00 00 00 00 00 00 00 00
0ec0: 00 00 00 00 00 00 00 00 00 00 00 00 00 00 00 00
0ed0: 00 00 00 00 00 00 00 00 00 00 00 00 00 00 00 00
0ee0: 00 00 00 00 00 00 00 00 00 00 00 00 00 00 00 00
0ef0: 00 00 00 00 00 00 00 00 00 00 00 00 00 00 00 00
0f00: 00 00 00 00 00 00 00 00 00 00 00 00 00 00 00 00
0f10: 00 00 00 00 00 00 00 00 00 00 00 00 00 00 00 00
0f20: 00 00 00 00 00 00 00 00 00 00 00 00 00 00 00 00
0f30: 00 00 00 00 00 00 00 00 00 00 00 00 00 00 00 00
0f40: 00 00 00 00 00 00 00 00 00 00 00 00 00 00 00 00
0f50: 00 00 00 00 00 00 00 00 00 00 00 00 00 00 00 00
0f60: 00 00 00 00 00 00 00 00 00 00 00 00 00 00 00 00
0f70: 00 00 00 00 00 00 00 00 00 00 00 00 00 00 00 00
0f80: 00 00 00 00 00 00 00 00 00 00 00 00 00 00 00 00
0f90: 00 00 00 00 00 00 00 00 00 00 00 00 00 00 00 00
0fa0: 00 00 00 00 00 00 00 00 00 00 00 00 00 00 00 00
0fb0: 00 00 00 00 00 00 00 00 00 00 00 00 00 00 00 00
0fc0: 00 00 00 00 00 00 00 00 00 00 00 00 00 00 00 00
0fd0: 00 00 00 00 00 00 00 00 00 00 00 00 00 00 00 00
0fe0: 00 00 00 00 00 00 00 00 00 00 00 00 00 00 00 00
0ff0: 00 00 00 00 00 00 00 00 00 00 00 00 00 00 00 00
1000: 00 09 7d 6a 00 db 8c 6a 00 00 00 00 09 00 00 00
1010: ff ff ff ff 09 00 00 00 d6 03 00 00 f2 86 30 05
1020: 1a 14 2d c5 67 a8 fd 19 85 65 2f ed 54 80 13 96
1030: 61 61 d0 f2 42 a0 8e 07 3e e9 00 36 10 89 85 be
1040: 5f dd 92 b8 18 02 00 09 f0 c1 76 31 72 fe e8 eb
1050: e1 18 9f 13 50 00 9e 60 a7 1b 20 36 38 ff 7c 3a
1060: 04 38 02 2c 43 26 20 2c 57 6b 84 38 7a cf e0 02
1070: 70 82 6c 39 05 9e 14 7c 30 f5 fd 80 06 7c 08 59
1080: 8a 0c 98 9c f1 c4 1f 7a c8 00 83 86 6c 4a e7 c8
1090: 2a e8 80 e5 47 e0 08 31 45 46 21 4f c4 83 d1 d3
10a0: 00 16 19 cb 8a 08 27 94 73 84 1e c5 a8 00 db 0c
10b0: 78 72 36 50 09 84 61 cf 81 c0 08 23 0a b1 43 65
10c0: 39 f4 e6 43 cd 19 00 16 bb 68 70 f4 3b 2f 44 70
10d0: 09 6c eb a9 20 04 18 12 b7 18 57 e8 22 f1 ac 3e
10e0: d1 d8 01 3c e8 4e 2e 56 18 e8 d7 7b e7 7f 37 98
10f0: 00 ce 30 55 89 24 df 00 d1 0c 1d ea f8 00 9c 30
1100: ab 15 c9 cb 74 67 8f 88 cf 11 8e 00 4f 5a 51 89
1110: 89 1e 3a 2d 23 e8 6f 62 71 00 27 b4 a9 c4 f7 40
1120: 3d 17 51 50 0b bc 0a 80 13 cc 45 e3 2e bb f6 54
1130: d5 87 f3 82 00 33 e0 08 9c 53 1e c3 d1 87 43 d7
1140: 3c 44 70 01 62 05 98 c4 f9 e7 a3 ae 9c 72 ff a1
1150: a0 02 7b d4 2c 4e 58 b8 85 70 e0 fd e1 40 05 96
1160: 72 61 c1 d3 d2 cb aa 87 31 b8 00 20 c3 05 d8 da
1170: 23 23 a4 13 4e 31 f1 ae 10 05 68 11 b3 1b 1c 3d
1180: f4 83 e2 f6 4e fe 3a 00 8c 18 d3 89 81 98 c2 ef
1190: 48 19 c2 00 10 30 03 6e 2d f0 26 6f a4 60 72 84
11a0: 90 04 ce 58 71 1f 30 32 d3 0f 43 d9 16 80 12 a1
11b0: c8 fc 64 1b e9 d1 ef d1 e3 fe f9 60 01 9b 77 04
11c0: 1c 79 48 9f d2 51 b2 98 ba d8 20 02 35 49 1e 21
11d0: 36 fb 0c ce d8 68 8c 00 4d 7c c2 62 25 70 9e 8a
11e0: 55 86 07 f9 50 80 09 d7 4f 16 36 a9 81 e8 fd 6d
11f0: b4 dd ed d4 01 68 68 82 42 63 9c 9e 0e 90 f3 6b
1200: 51 e2 a9 40 13 46 0a 23 1c ff d9 74 8c c6 d7 2e
1210: d9 7a 00 81 bb 79 71 88 b8 7f 47 72 ca 43 fe 49
1220: e0 05 79 7a c6 e3 89 ec 0e 90 8f e3 2b d5 ac 80
1230: 13 34 8a c6 0f af bd 1c 1a ef 37 fc c1 00 19 e5
1240: 69 f1 89 42 a7 47 0b f8 a1 f5 91 e0 08 c6 41 8b
1250: 1e 07 65 f4 86 ef 10 df 7a 74 00 8b 70 cb 87 64
1260: 3d 87 42 76 1e f4 64 00 82 86 a7 15 dd 66 74 62
1270: 53 61 1e f4 ba 00 99 c7 2e 24 09 18 02 60 e8 7d
1280: 9a d0 03 3a 08 6b c4 31 d3 5d 12 e4 2b 5b de 2e
1290: 80 13 e1 c3 05 8c 3b a2 ba 37 f7 3c 17 ea a9 00
12a0: 27 c3 9a 07 18 de 28 74 74 99 c6 df e2 b0 00 4d
12b0: 52 83 8b 4e 7a 41 85 80 1a 41 00 12 f2 00 6a c4
12c0: ef ca 1d 16 c9 70 53 b0 2c 80 29 f0 c3 80 c7 32
12d0: 31 bd 21 aa 35 6b 9d 7a 80 23 1e 91 62 cf 69 b4
12e0: c0 0e 87 6a a9 00 45 1c 69 c4 c8 34 5d 16 6f 07
12f0: 4f 8b 39 80 26 43 09 89 08 83 4a 18 8a 1f 27 d4
1300: 00 b4 40 20 b2 35 66 c7 4a 59 ff 8d f2 a9 20 0a
1310: 64 40 e0 f2 2c ef 2f 4a 67 5f 26 f9 de 80 09 ad
1320: 21 41 90 51 10 ba 4d 3a d5 2f d4 ce 00 47 40 19
1330: 18 ab 5d e3 a3 26 68 e6 7f f8 a0 02 69 82 ac 3e
1340: d5 e6 e7 d8 00 ee ea 80 04 21 08 b8 98 42 25 c4
1350: da 21 e4 68 80 0c 26 98 98 95 ba 48 94 18 81 ef
1360: 4c c0 08 67 1a 71 65 b2 3f 46 c7 ee 24 fc 4e a0
1370: 05 af d4 1c 60 a8 e3 d1 d2 50 13 fb 87 60 02 3a
1380: 1c 2f c6 80 d5 7d 1f 82 aa 93 ad 4a 80 25 e1 1e
1390: 4c a1 ab ad d2 f8 55 22 fb e6 78 03 94 33 9f 19
13a0: 13 86 74 77 cf b0 bd 7b 20 08 bb 88 10 e3 b6 82
13b0: de 91 48 3f d1 d4 cb c0 19 c9 50 71 ab 04 68 3d
13c0: 28 03 da c1 00 20 88 53 62 c7 aa 5e 8c ce 3e 83
13d0: cc bb 80 11 ef 31 31 19 8e f3 a7 a4 c3 db a6 80
13e0: 19 e6 0a b1 38 5d a0 1f c4 c3 ed a3 00 10 4a 12
13f0: e1 d2 ec 86 42 66 07 5c f7 00 27 b1 01 c4 42 10
1400: 20 42 83 0f 3d 68 00 4f 85 0b 71 59 ea 3f 46 61
1410: 59 4b e0 80 00 00 00 00 42 5c 29 00 0f 00 00 00
1420: 01 00 00 00 00 01 02 64 00 00 00 00 00 00 00 00
1430: 00 00 00 00 00 00 00 00 00 00 00 00 00 00 00 00
1440: 00 00 00 00 00 00 00 00 00 00 00 00 00 00 00 00
1450: 00 00 00 00 00 00 00 00 00 00 00 00 00 00 00 00
1460: 00 00 00 00 00 00 00 00 00 00 00 00 00 00 00 00
1470: 00 00 00 00 00 00 00 00 00 00 00 00 00 00 00 00
1480: 00 00 00 00 00 00 00 00 00 00 00 00 00 00 00 00
1490: 00 00 00 00 00 00 00 00 00 00 00 00 00 00 00 00
14a0: 00 00 00 00 05 00 00 00 00 db 8c 6a 66 02 00 00
14b0: 6c 02 00 00 63 02 00 00 66 02 00 00 e4 83 26 00
14c0: 56 bc c8 45 3f 2a 02 00 00 00 00 00 00 00 00 00
14d0: 00 00 00 00 00 00 00 00 00 00 00 00 00 00 00 00
14e0: 00 00 00 00 00 00 00 00 00 00 00 00 00 00 00 00
14f0: 00 00 00 00 00 00 00 00 00 00 00 00 00 00 00 00
1500: 00 00 00 00 00 00 00 00 00 00 00 00 00 00 00 00
1510: 00 00 00 00 00 00 00 00 00 00 00 00 00 00 00 00
1520: 00 00 00 00 00 00 00 00 00 00 00 00 00 00 00 00
1530: 00 00 00 00 00 00 00 00 00 00 00 00 00 00 00 00
1540: 00 00 00 00 00 00 00 00 00 00 00 00 00 00 00 00
1550: 00 00 00 00 00 00 00 00 00 00 00 00 00 00 00 00
1560: 00 00 00 00 00 00 00 00 00 00 00 00 00 00 00 00
1570: 00 00 00 00 00 00 00 00 00 00 00 00 00 00 00 00
1580: 00 00 00 00 00 00 00 00 00 00 00 00 00 00 00 00
1590: 00 00 00 00 00 00 00 00 00 00 00 00 00 00 00 00
15a0: 00 00 00 00 00 00 00 00 00 00 00 00 00 00 00 00
15b0: 00 00 00 00 00 00 00 00 00 00 00 00 00 00 00 00
15c0: 00 00 00 00 00 00 00 00 00 00 00 00 00 00 00 00
15d0: 00 00 00 00 00 00 00 00 00 00 00 00 00 00 00 00
15e0: 00 00 00 00 00 00 00 00 00 00 00 00 00 00 00 00
15f0: 00 00 00 00 00 00 00 00 00 00 00 00 00 00 00 00
1600: 00 00 00 00 00 00 00 00 00 00 00 00 00 00 00 00
1610: 00 00 00 00 00 00 00 00 00 00 00 00 00 00 00 00
1620: 00 00 00 00 00 00 00 00 00 00 00 00 00 00 00 00
1630: 00 00 00 00 00 00 00 00 00 00 00 00 00 00 00 00
1640: 00 00 00 00 00 00 00 00 00 00 00 00 00 00 00 00
1650: 00 00 00 00 00 00 00 00 00 00 00 00 00 00 00 00
1660: 00 00 00 00 00 00 00 00 00 00 00 00 00 00 00 00
1670: 00 00 00 00 00 00 00 00 00 00 00 00 00 00 00 00
1680: 00 00 00 00 00 00 00 00 00 00 00 00 00 00 00 00
1690: 00 00 00 00 00 00 00 00 00 00 00 00 00 00 00 00
16a0: 00 00 00 00 00 00 00 00 20 00 00 00 75 00 00 00
16b0: 0f 00 00 00 00 00 00 00 00 00 00 00 00 00 00 00
16c0: 00 01 ab 44 80 b7 7b 6a 00 00 00 00 08 13 00 00
16d0: 00 01 ab 44 00 00 31 47 00 00 00 00 48 01 00 00
16e0: 2c 4e 00 00 80 51 32 47 00 e8 be 49 48 01 00 00
16f0: 49 01 00 00 2d 4e 00 00 80 39 c0 49 00 ff 59 4c
1700: 91 02 00 00 51 01 00 00 2e 4e 00 00 80 50 5b 4c
1710: 00 bb 31 4f e2 03 00 00 61 01 00 00 2f 4e 00 00
1720: 80 0c 33 4f 00 eb fe 51 43 05 00 00 68 01 00 00
1730: 30 4e 00 00 80 3c 00 52 00 d4 a9 54 ab 06 00 00
1740: 59 01 00 00 31 4e 00 00 80 25 ab 54 80 c5 f9 56
1750: 04 08 00 00 2c 01 00 00 32 4e 00 00 00 17 fb 56
1760: 80 68 9f 59 30 09 00 00 5a 01 00 00 33 4e 00 00
1770: 00 5d a3 59 00 17 41 5c 8a 0a 00 00 55 01 00 00
1780: 34 4e 00 00 80 0b 45 5c 80 f4 ef 5e df 0b 00 00
1790: 58 01 00 00 35 4e 00 00 00 46 f1 5e 00 d2 9e 61
17a0: 37 0d 00 00 5b 01 00 00 36 4e 00 00 80 23 a0 61
17b0: 80 f5 52 64 92 0e 00 00 5b 01 00 00 37 4e 00 00
17c0: 00 47 54 64 80 3a de 66 ed 0f 00 00 4b 01 00 00
17d0: 38 4e 00 00 00 8c df 66 80 7e 4c 69 38 11 00 00
17e0: 39 01 00 00 39 4e 00 00 00 d0 4d 69 80 b7 7b 6a
17f0: 71 12 00 00 97 00 00 00 3a 4e 00 00 00 00 00 00
1800: 00 00 00 00 00 00 00 00 00 00 00 00 00 00 00 00
1810: 00 00 00 00 00 00 00 00 00 00 00 00 00 00 00 00
1820: 00 00 00 00 00 00 00 00 00 00 00 00 00 00 00 00
1830: 00 00 00 00 00 00 00 00 00 00 00 00 00 00 00 00
1840: 00 00 00 00 00 00 00 00 00 00 00 00 00 00 00 00
1850: 00 00 00 00 00 00 00 00 00 00 00 00 00 00 00 00
1860: 00 00 00 00 00 00 00 00 00 00 00 00 00 00 00 00
1870: 00 00 00 00 00 00 00 00 00 00 00 00 00 00 00 00
1880: 00 00 00 00 00 00 00 00 00 00 00 00 00 00 00 00
1890: 00 00 00 00 00 00 00 00 00 00 00 00 00 00 00 00
18a0: 00 00 00 00 00 00 00 00 00 00 00 00 00 00 00 00
18b0: 00 00 00 00 00 00 00 00 00 00 00 00 00 00 00 00
18c0: 00 00 00 00 00 00 00 00 00 00 00 00 00 00 00 00
18d0: 00 00 00 00 00 00 00 00 00 00 00 00 00 00 00 00
18e0: 00 00 00 00 00 00 00 00 00 00 00 00 00 00 00 00
18f0: 00 00 00 00 00 00 00 00 00 00 00 00 00 00 00 00
1900: 00 00 00 00 00 00 00 00 00 00 00 00 00 00 00 00
1910: 00 00 00 00 00 00 00 00 00 00 00 00 00 00 00 00
1920: 00 00 00 00 00 00 00 00 00 00 00 00 00 00 00 00
1930: 00 00 00 00 00 00 00 00 00 00 00 00 00 00 00 00
1940: 00 00 00 00 00 00 00 00 00 00 00 00 00 00 00 00
1950: 00 00 00 00 00 00 00 00 00 00 00 00 00 00 00 00
1960: 00 00 00 00 00 00 00 00 00 00 00 00 00 00 00 00
1970: 00 00 00 00 00 00 00 00 00 00 00 00 00 00 00 00
1980: 00 00 00 00 00 00 00 00 00 00 00 00 00 00 00 00
1990: 00 00 00 00 00 00 00 00 00 00 00 00 00 00 00 00
19a0: 00 00 00 00 00 00 00 00 00 00 00 00 00 00 00 00
19b0: 00 00 00 00 00 00 00 00 00 00 00 00 00 00 00 00
19c0: 00 00 00 00 00 00 00 00 00 00 00 00 00 00 00 00
19d0: 00 00 00 00 00 00 00 00 00 00 00 00 00 00 00 00
19e0: 00 00 00 00 00 00 00 00 00 00 00 00 00 00 00 00
19f0: 00 00 00 00 00 00 00 00 00 00 00 00 00 00 00 00
1a00: 00 00 00 00 00 00 00 00 00 00 00 00 00 00 00 00
1a10: 00 00 00 00 00 00 00 00 00 00 00 00 00 00 00 00
1a20: 00 00 00 00 00 00 00 00 00 00 00 00 00 00 00 00
1a30: 00 00 00 00 00 00 00 00 00 00 00 00 00 00 00 00
1a40: 00 00 00 00 00 00 00 00 00 00 00 00 00 00 00 00
1a50: 00 00 00 00 00 00 00 00 00 00 00 00 00 00 00 00
1a60: 00 00 00 00 00 00 00 00 00 00 00 00 00 00 00 00
1a70: 00 00 00 00 00 00 00 00 00 00 00 00 00 00 00 00
1a80: 00 00 00 00 00 00 00 00 00 00 00 00 00 00 00 00
1a90: 00 00 00 00 00 00 00 00 00 00 00 00 00 00 00 00
1aa0: 00 00 00 00 00 00 00 00 00 00 00 00 00 00 00 00
1ab0: 00 00 00 00 00 00 00 00 00 00 00 00 00 00 00 00
1ac0: 00 00 00 00 00 00 00 00 00 00 00 00 00 00 00 00
1ad0: 00 00 00 00 00 00 00 00 00 00 00 00 00 00 00 00
1ae0: 00 00 00 00 00 00 00 00 00 00 00 00 00 00 00 00
1af0: 00 00 00 00 00 00 00 00 00 00 00 00 00 00 00 00
1b00: 00 00 00 00 00 00 00 00 00 00 00 00 00 00 00 00
1b10: 00 00 00 00 00 00 00 00 00 00 00 00 00 00 00 00
1b20: 00 00 00 00 00 00 00 00 00 00 00 00 00 00 00 00
1b30: 00 00 00 00 00 00 00 00 00 00 00 00 00 00 00 00
1b40: 00 00 00 00 00 00 00 00 00 00 00 00 00 00 00 00
1b50: 00 00 00 00 00 00 00 00 00 00 00 00 00 00 00 00
1b60: 00 00 00 00 00 00 00 00 00 00 00 00 00 00 00 00
1b70: 00 00 00 00 00 00 00 00 00 00 00 00 00 00 00 00
1b80: 00 00 00 00 00 00 00 00 00 00 00 00 00 00 00 00
1b90: 00 00 00 00 00 00 00 00 00 00 00 00 00 00 00 00
1ba0: 00 00 00 00 00 00 00 00 00 00 00 00 00 00 00 00
1bb0: 00 00 00 00 00 00 00 00 00 00 00 00 00 00 00 00
1bc0: 00 00 00 00 00 00 00 00 00 00 00 00 00 00 00 00
1bd0: 00 00 00 00 00 00 00 00 00 00 00 00 00 00 00 00
1be0: 00 00 00 00 00 00 00 00 00 00 00 00 00 00 00 00
1bf0: 00 00 00 00 00 00 00 00 00 00 00 00 00 00 00 00
1c00: 00 00 00 00 00 00 00 00 00 00 00 00 00 00 00 00
1c10: 00 00 00 00 00 00 00 00 00 00 00 00 00 00 00 00
1c20: 00 00 00 00 00 00 00 00 00 00 00 00 00 00 00 00
1c30: 00 00 00 00 00 00 00 00 00 00 00 00 00 00 00 00
1c40: 00 00 00 00 00 00 00 00 00 00 00 00 00 00 00 00
1c50: 00 00 00 00 00 00 00 00 00 00 00 00 00 00 00 00
1c60: 00 00 00 00 00 00 00 00 00 00 00 00 00 00 00 00
1c70: 00 00 00 00 00 00 00 00 00 00 00 00 00 00 00 00
1c80: 00 00 00 00 00 00 00 00 00 00 00 00 00 00 00 00
1c90: 00 00 00 00 00 00 00 00 00 00 00 00 00 00 00 00
1ca0: 00 00 00 00 00 00 00 00 00 00 00 00 00 00 00 00
1cb0: 00 00 00 00 00 00 00 00 00 00 00 00 00 00 00 00
1cc0: 00 00 00 00 00 00 00 00 00 00 00 00 00 00 00 00
1cd0: 00 00 00 00 00 00 00 00 00 00 00 00 00 00 00 00
1ce0: 00 00 00 00 00 00 00 00 00 00 00 00 00 00 00 00
1cf0: 00 00 00 00 00 00 00 00 00 00 00 00 00 00 00 00
1d00: 00 00 00 00 00 00 00 00 00 00 00 00 00 00 00 00
1d10: 00 00 00 00 00 00 00 00 00 00 00 00 00 00 00 00
1d20: 00 00 00 00 00 00 00 00 00 00 00 00 00 00 00 00
1d30: 00 00 00 00 00 00 00 00 00 00 00 00 00 00 00 00
1d40: 00 00 00 00 00 00 00 00 00 00 00 00 00 00 00 00
1d50: 00 00 00 00 00 00 00 00 00 00 00 00 00 00 00 00
1d60: 00 00 00 00 00 00 00 00 00 00 00 00 00 00 00 00
1d70: 00 00 00 00 00 00 00 00 00 00 00 00 00 00 00 00
1d80: 00 00 00 00 00 00 00 00 00 00 00 00 00 00 00 00
1d90: 00 00 00 00 00 00 00 00 00 00 00 00 00 00 00 00
1da0: 00 00 00 00 00 00 00 00 00 00 00 00 00 00 00 00
1db0: 00 00 00 00 00 00 00 00 00 00 00 00 00 00 00 00
1dc0: 00 00 00 00 00 00 00 00 00 00 00 00 00 00 00 00
1dd0: 00 00 00 00 00 00 00 00 00 00 00 00 00 00 00 00
1de0: 00 00 00 00 00 00 00 00 00 00 00 00 00 00 00 00
1df0: 00 00 00 00 00 00 00 00 00 00 00 00 00 00 00 00
1e00: 00 00 00 00 00 00 00 00 00 00 00 00 00 00 00 00
1e10: 00 00 00 00 00 00 00 00 00 00 00 00 00 00 00 00
1e20: 00 00 00 00 00 00 00 00 00 00 00 00 00 00 00 00
1e30: 00 00 00 00 00 00 00 00 00 00 00 00 00 00 00 00
1e40: 00 00 00 00 00 00 00 00 00 00 00 00 00 00 00 00
1e50: 00 00 00 00 00 00 00 00 00 00 00 00 00 00 00 00
1e60: 00 00 00 00 00 00 00 00 00 00 00 00 00 00 00 00
1e70: 00 00 00 00 00 00 00 00 00 00 00 00 00 00 00 00
1e80: 00 00 00 00 00 00 00 00 00 00 00 00 00 00 00 00
1e90: 00 00 00 00 00 00 00 00 00 00 00 00 00 00 00 00
1ea0: 00 00 00 00 00 00 00 00 00 00 00 00 00 00 00 00
1eb0: 00 00 00 00 00 00 00 00 00 00 00 00 00 00 00 00
1ec0: 00 00 00 00 00 00 00 00 00 00 00 00 00 00 00 00
1ed0: 00 00 00 00 00 00 00 00 00 00 00 00 00 00 00 00
1ee0: 00 00 00 00 00 00 00 00 00 00 00 00 00 00 00 00
1ef0: 00 00 00 00 00 00 00 00 00 00 00 00 00 00 00 00
1f00: 00 00 00 00 00 00 00 00 00 00 00 00 00 00 00 00
1f10: 00 00 00 00 00 00 00 00 00 00 00 00 00 00 00 00
1f20: 00 00 00 00 00 00 00 00 00 00 00 00 00 00 00 00
1f30: 00 00 00 00 00 00 00 00 00 00 00 00 00 00 00 00
1f40: 00 00 00 00 00 00 00 00 00 00 00 00 00 00 00 00
1f50: 00 00 00 00 00 00 00 00 00 00 00 00 00 00 00 00
1f60: 00 00 00 00 00 00 00 00 00 00 00 00 00 00 00 00
1f70: 00 00 00 00 00 00 00 00 00 00 00 00 00 00 00 00
1f80: 00 00 00 00 00 00 00 00 00 00 00 00 00 00 00 00
1f90: 00 00 00 00 00 00 00 00 00 00 00 00 00 00 00 00
1fa0: 00 00 00 00 00 00 00 00 00 00 00 00 00 00 00 00
1fb0: 00 00 00 00 00 00 00 00 00 00 00 00 00 00 00 00
1fc0: 00 00 00 00 00 00 00 00 00 00 00 00 00 00 00 00
1fd0: 00 00 00 00 00 00 00 00 00 00 00 00 00 00 00 00
1fe0: 00 00 00 00 00 00 00 00 00 00 00 00 00 00 00 00
1ff0: 00 00 00 00 00 00 00 00 00 00 00 00 00 00 00 00