DAY_2.DAT INDEX STRUCTURE PROBE
==================================================

=== ANALYZING INDEX FILE: D:\Program\dzh365(64)\data\sh\DAY_2.DAT ===
Size: 38612992 bytes
Total 6-digit ASCII code matches: 18516
Unique 6-digit codes found: 9258
First 20 code matches with offset:
  Offset 0x00006000 (24576): Code 516200 | Context hex: 16 03 00 00 15 02 00 00 0c 01 00 00 07 00 00 00 35 31 36 32 30 30 00 00 00 00 00 00 f1 20 00 00 00 30 31 31 30 31 00 00 00 00 00 00 13 04 00 00
  Offset 0x00006080 (24704): Code 603995 | Context hex: 00 00 00 00 00 00 00 00 00 00 00 00 00 00 00 00 36 30 33 39 39 35 00 00 00 00 00 00 3a 07 00 00 32 34 30 33 35 34 00 00 00 00 00 00 71 13 00 00
  Offset 0x00006090 (24720): Code 240354 | Context hex: 36 30 33 39 39 35 00 00 00 00 00 00 3a 07 00 00 32 34 30 33 35 34 00 00 00 00 00 00 71 13 00 00 32 34 33 31 30 35 00 00 00 00 00 00 8d 19 00 00
  Offset 0x000060a0 (24736): Code 243105 | Context hex: 32 34 30 33 35 34 00 00 00 00 00 00 71 13 00 00 32 34 33 31 30 35 00 00 00 00 00 00 8d 19 00 00 00 36 33 33 34 37 00 00 00 00 00 00 cd 0e 00 00
  Offset 0x00006100 (24832): Code 603996 | Context hex: 00 30 30 32 31 33 00 00 00 00 00 00 6a 01 00 00 36 30 33 39 39 36 00 00 00 00 00 00 3b 07 00 00 32 33 32 34 36 38 00 00 00 00 00 00 24 12 00 00
  Offset 0x00006110 (24848): Code 232468 | Context hex: 36 30 33 39 39 36 00 00 00 00 00 00 3b 07 00 00 32 33 32 34 36 38 00 00 00 00 00 00 24 12 00 00 32 34 33 31 30 36 00 00 00 00 00 00 8e 19 00 00
  Offset 0x00006120 (24864): Code 243106 | Context hex: 32 33 32 34 36 38 00 00 00 00 00 00 24 12 00 00 32 34 33 31 30 36 00 00 00 00 00 00 8e 19 00 00 00 38 38 32 32 39 00 00 00 00 00 00 7a 08 00 00
  Offset 0x00006180 (24960): Code 603997 | Context hex: 00 00 00 00 00 00 00 00 00 00 00 00 00 00 00 00 36 30 33 39 39 37 00 00 00 00 00 00 3c 07 00 00 32 34 33 31 30 37 00 00 00 00 00 00 8f 19 00 00
  Offset 0x00006190 (24976): Code 243107 | Context hex: 36 30 33 39 39 37 00 00 00 00 00 00 3c 07 00 00 32 34 33 31 30 37 00 00 00 00 00 00 8f 19 00 00 00 38 38 31 38 31 00 00 00 00 00 00 4e 08 00 00
  Offset 0x00006200 (25088): Code 603998 | Context hex: 00 00 00 00 00 00 00 00 00 00 00 00 00 00 00 00 36 30 33 39 39 38 00 00 00 00 00 00 3d 07 00 00 31 38 38 32 38 39 00 00 00 00 00 00 84 11 00 00
  Offset 0x00006210 (25104): Code 188289 | Context hex: 36 30 33 39 39 38 00 00 00 00 00 00 3d 07 00 00 31 38 38 32 38 39 00 00 00 00 00 00 84 11 00 00 32 34 33 31 30 38 00 00 00 00 00 00 90 19 00 00
  Offset 0x00006220 (25120): Code 243108 | Context hex: 31 38 38 32 38 39 00 00 00 00 00 00 84 11 00 00 32 34 33 31 30 38 00 00 00 00 00 00 90 19 00 00 00 30 33 39 39 38 00 00 00 00 00 00 3d 07 00 00
  Offset 0x00006280 (25216): Code 603999 | Context hex: 00 30 30 31 35 33 00 00 00 00 00 00 35 01 00 00 36 30 33 39 39 39 00 00 00 00 00 00 3e 07 00 00 32 34 30 33 35 38 00 00 00 00 00 00 72 13 00 00
  Offset 0x00006290 (25232): Code 240358 | Context hex: 36 30 33 39 39 39 00 00 00 00 00 00 3e 07 00 00 32 34 30 33 35 38 00 00 00 00 00 00 72 13 00 00 32 34 33 30 36 30 00 00 00 00 00 00 75 19 00 00
  Offset 0x000062a0 (25248): Code 243060 | Context hex: 32 34 30 33 35 38 00 00 00 00 00 00 72 13 00 00 32 34 33 30 36 30 00 00 00 00 00 00 75 19 00 00 32 34 33 31 30 39 00 00 00 00 00 00 91 19 00 00
  Offset 0x000062b0 (25264): Code 243109 | Context hex: 32 34 33 30 36 30 00 00 00 00 00 00 75 19 00 00 32 34 33 31 30 39 00 00 00 00 00 00 91 19 00 00 00 30 30 30 39 31 00 00 00 00 00 00 ff 00 00 00
  Offset 0x00006300 (25344): Code 240359 | Context hex: 00 00 00 00 00 00 00 00 00 00 00 00 00 00 00 00 32 34 30 33 35 39 00 00 00 00 00 00 73 13 00 00 32 34 33 30 36 31 00 00 00 00 00 00 76 19 00 00
  Offset 0x00006310 (25360): Code 243061 | Context hex: 32 34 30 33 35 39 00 00 00 00 00 00 73 13 00 00 32 34 33 30 36 31 00 00 00 00 00 00 76 19 00 00 00 30 31 31 30 37 00 00 00 00 00 00 15 04 00 00
  Offset 0x00006480 (25728): Code 516160 | Context hex: 00 00 00 00 00 00 00 00 00 00 00 00 00 00 00 00 35 31 36 31 36 30 00 00 00 00 00 00 ee 20 00 00 00 38 38 31 38 37 00 00 00 00 00 00 54 08 00 00
  Offset 0x00006500 (25856): Code 600250 | Context hex: 00 30 30 30 39 35 00 00 00 00 00 00 02 01 00 00 36 30 30 32 35 30 00 00 00 00 00 00 89 01 00 00 32 34 33 30 36 35 00 00 00 00 00 00 77 19 00 00

First 256 bytes hex dump:
  0000: 44 46 43 4a 61 b3 1e 00 00 00 00 00 00 00 00 00  |DFCJa...........|
  0010: 00 00 00 00 00 00 00 00 00 00 00 00 00 00 00 00  |................|
  0020: 00 00 00 00 00 00 00 00 00 00 00 00 00 00 00 00  |................|
  0030: 00 00 00 00 00 00 00 00 00 00 00 00 00 00 00 00  |................|
  0040: 00 00 00 00 00 00 00 00 00 00 00 00 00 00 00 00  |................|
  0050: 00 00 00 00 00 00 00 00 00 00 00 00 00 00 00 00  |................|
  0060: 00 00 00 00 00 00 00 00 00 00 00 00 00 00 00 00  |................|
  0070: 00 00 00 00 00 00 00 00 00 00 00 00 00 00 00 00  |................|
  0080: 00 00 00 00 00 00 00 00 00 00 00 00 00 00 00 00  |................|
  0090: 00 00 00 00 00 00 00 00 00 00 00 00 00 00 00 00  |................|
  00a0: 00 00 00 00 00 00 00 00 00 00 00 00 00 00 00 00  |................|
  00b0: 00 00 00 00 00 00 00 00 00 00 00 00 00 00 00 00  |................|
  00c0: 00 00 00 00 00 00 00 00 00 00 00 00 00 00 00 00  |................|
  00d0: 00 00 00 00 00 00 00 00 00 00 00 00 00 00 00 00  |................|
  00e0: 00 00 00 00 00 00 00 00 00 00 00 00 01 00 00 00  |................|
  00f0: 00 00 00 00 00 00 00 00 00 00 00 00 00 00 00 00  |................|


=== ANALYZING INDEX FILE: D:\Program\dzh365(64)\data\sz\DAY_2.DAT ===
Size: 19161088 bytes
Total 6-digit ASCII code matches: 9190
Unique 6-digit codes found: 4595
First 20 code matches with offset:
  Offset 0x00006000 (24576): Code 000025 | Context hex: 10 03 00 00 0e 02 00 00 0c 01 00 00 07 00 00 00 30 30 30 30 32 35 00 00 00 00 00 00 87 01 00 00 31 35 39 30 31 35 00 00 00 00 00 00 32 08 00 00
  Offset 0x00006010 (24592): Code 159015 | Context hex: 30 30 30 30 32 35 00 00 00 00 00 00 87 01 00 00 31 35 39 30 31 35 00 00 00 00 00 00 32 08 00 00 31 36 30 39 31 30 00 00 00 00 00 00 40 0b 00 00
  Offset 0x00006020 (24608): Code 160910 | Context hex: 31 35 39 30 31 35 00 00 00 00 00 00 32 08 00 00 31 36 30 39 31 30 00 00 00 00 00 00 40 0b 00 00 31 36 31 37 32 32 00 00 00 00 00 00 86 0b 00 00
  Offset 0x00006030 (24624): Code 161722 | Context hex: 31 36 30 39 31 30 00 00 00 00 00 00 40 0b 00 00 31 36 31 37 32 32 00 00 00 00 00 00 86 0b 00 00 33 30 30 38 31 36 00 00 00 00 00 00 54 0f 00 00
  Offset 0x00006040 (24640): Code 300816 | Context hex: 31 36 31 37 32 32 00 00 00 00 00 00 86 0b 00 00 33 30 30 38 31 36 00 00 00 00 00 00 54 0f 00 00 33 30 31 36 32 38 00 00 00 00 00 00 bd 11 00 00
  Offset 0x00006050 (24656): Code 301628 | Context hex: 33 30 30 38 31 36 00 00 00 00 00 00 54 0f 00 00 33 30 31 36 32 38 00 00 00 00 00 00 bd 11 00 00 00 00 00 00 00 00 00 00 00 00 00 00 00 00 00 00
  Offset 0x00006080 (24704): Code 399344 | Context hex: 00 00 00 00 00 00 00 00 00 00 00 00 00 00 00 00 33 39 39 33 34 34 00 00 00 00 00 00 6c 00 00 00 30 30 30 30 32 36 00 00 00 00 00 00 88 01 00 00
  Offset 0x00006090 (24720): Code 000026 | Context hex: 33 39 39 33 34 34 00 00 00 00 00 00 6c 00 00 00 30 30 30 30 32 36 00 00 00 00 00 00 88 01 00 00 31 35 39 30 31 36 00 00 00 00 00 00 33 08 00 00
  Offset 0x000060a0 (24736): Code 159016 | Context hex: 30 30 30 30 32 36 00 00 00 00 00 00 88 01 00 00 31 35 39 30 31 36 00 00 00 00 00 00 33 08 00 00 31 36 31 37 32 33 00 00 00 00 00 00 22 0c 00 00
  Offset 0x000060b0 (24752): Code 161723 | Context hex: 31 35 39 30 31 36 00 00 00 00 00 00 33 08 00 00 31 36 31 37 32 33 00 00 00 00 00 00 22 0c 00 00 33 30 30 38 31 37 00 00 00 00 00 00 55 0f 00 00
  Offset 0x000060c0 (24768): Code 300817 | Context hex: 31 36 31 37 32 33 00 00 00 00 00 00 22 0c 00 00 33 30 30 38 31 37 00 00 00 00 00 00 55 0f 00 00 33 30 31 35 38 30 00 00 00 00 00 00 9e 11 00 00
  Offset 0x000060d0 (24784): Code 301580 | Context hex: 33 30 30 38 31 37 00 00 00 00 00 00 55 0f 00 00 33 30 31 35 38 30 00 00 00 00 00 00 9e 11 00 00 33 30 31 36 32 39 00 00 00 00 00 00 be 11 00 00
  Offset 0x000060e0 (24800): Code 301629 | Context hex: 33 30 31 35 38 30 00 00 00 00 00 00 9e 11 00 00 33 30 31 36 32 39 00 00 00 00 00 00 be 11 00 00 00 39 39 33 35 31 00 00 00 00 00 00 70 00 00 00
  Offset 0x00006100 (24832): Code 000027 | Context hex: 00 39 39 33 35 31 00 00 00 00 00 00 70 00 00 00 30 30 30 30 32 37 00 00 00 00 00 00 89 01 00 00 31 35 39 30 31 37 00 00 00 00 00 00 34 08 00 00
  Offset 0x00006110 (24848): Code 159017 | Context hex: 30 30 30 30 32 37 00 00 00 00 00 00 89 01 00 00 31 35 39 30 31 37 00 00 00 00 00 00 34 08 00 00 31 36 31 37 32 34 00 00 00 00 00 00 87 0b 00 00
  Offset 0x00006120 (24864): Code 161724 | Context hex: 31 35 39 30 31 37 00 00 00 00 00 00 34 08 00 00 31 36 31 37 32 34 00 00 00 00 00 00 87 0b 00 00 33 30 30 38 31 38 00 00 00 00 00 00 56 0f 00 00
  Offset 0x00006130 (24880): Code 300818 | Context hex: 31 36 31 37 32 34 00 00 00 00 00 00 87 0b 00 00 33 30 30 38 31 38 00 00 00 00 00 00 56 0f 00 00 33 30 31 35 38 31 00 00 00 00 00 00 9f 11 00 00
  Offset 0x00006140 (24896): Code 301581 | Context hex: 33 30 30 38 31 38 00 00 00 00 00 00 56 0f 00 00 33 30 31 35 38 31 00 00 00 00 00 00 9f 11 00 00 00 30 30 34 36 38 00 00 00 00 00 00 a5 03 00 00
  Offset 0x00006180 (24960): Code 399346 | Context hex: 00 00 00 00 00 00 00 00 00 00 00 00 00 00 00 00 33 39 39 33 34 36 00 00 00 00 00 00 6d 00 00 00 30 30 30 30 32 38 00 00 00 00 00 00 8a 01 00 00
  Offset 0x00006190 (24976): Code 000028 | Context hex: 33 39 39 33 34 36 00 00 00 00 00 00 6d 00 00 00 30 30 30 30 32 38 00 00 00 00 00 00 8a 01 00 00 31 35 39 30 31 38 00 00 00 00 00 00 35 08 00 00

First 256 bytes hex dump:
  0000: 44 46 43 4a 61 b3 1e 00 00 00 00 00 00 00 00 00  |DFCJa...........|
  0010: 00 00 00 00 00 00 00 00 00 00 00 00 00 00 00 00  |................|
  0020: 00 00 00 00 00 00 00 00 00 00 00 00 00 00 00 00  |................|
  0030: 00 00 00 00 00 00 00 00 00 00 00 00 00 00 00 00  |................|
  0040: 00 00 00 00 00 00 00 00 00 00 00 00 00 00 00 00  |................|
  0050: 00 00 00 00 00 00 00 00 00 00 00 00 00 00 00 00  |................|
  0060: 00 00 00 00 00 00 00 00 00 00 00 00 00 00 00 00  |................|
  0070: 00 00 00 00 00 00 00 00 00 00 00 00 00 00 00 00  |................|
  0080: 00 00 00 00 00 00 00 00 00 00 00 00 00 00 00 00  |................|
  0090: 00 00 00 00 00 00 00 00 00 00 00 00 00 00 00 00  |................|
  00a0: 00 00 00 00 00 00 00 00 00 00 00 00 00 00 00 00  |................|
  00b0: 00 00 00 00 00 00 00 00 00 00 00 00 00 00 00 00  |................|
  00c0: 00 00 00 00 00 00 00 00 00 00 00 00 00 00 00 00  |................|
  00d0: 00 00 00 00 00 00 00 00 00 00 00 00 00 00 00 00  |................|
  00e0: 00 00 00 00 00 00 00 00 00 00 00 00 01 00 00 00  |................|
  00f0: 00 00 00 00 00 00 00 00 00 00 00 00 00 00 00 00  |................|

